8.77697 2.530048 0.1461745 0.1605996 0.1395129 -0.0291688
2.530048 10.07749 0.2611417 0.2622057 -0.1654273 0.01472632
0.1461745 0.2611417 0.4026247 0.04810084 0.1017215 -0.06738145
0.1605996 0.2622057 0.04810084 0.3195442 0.06711791 0.02166682
0.1395129 -0.1654273 0.1017215 0.06711791 0.5846354 0.02178977
-0.0291688 0.01472632 -0.06738145 0.02166682 0.02178977 0.3524197
