7.984327 4.117106 0.2593692 0.04758182 0.314827 0.312889
4.117106 11.04626 0.1861928 -0.1362257 0.08885512 0.2810911
0.2593692 0.1861928 0.1174746 0.03958837 0.03780351 0.03658256
0.04758182 -0.1362257 0.03958837 0.6204644 0.1120928 0.02912768
0.314827 0.08885512 0.03780351 0.1120928 0.4332853 0.08183983
0.312889 0.2810911 0.03658256 0.02912768 0.08183983 0.2036989
